
Classifier: NaiveBayes
samples, 0/1 loss, squared

credit-a-mod

Test na danych testowych
0,01     , 0,4541   , 0,4395  
0,02     , 0,2706   , 0,2624  
0,03     , 0,2752   , 0,2653  
0,04     , 0,2890   , 0,2496  
0,05     , 0,2294   , 0,2126  
0,06     , 0,2294   , 0,1951  
0,07     , 0,2248   , 0,1985  
0,08     , 0,2202   , 0,2074  
0,09     , 0,2156   , 0,1858  
0,10     , 0,2523   , 0,2164  
0,11     , 0,2477   , 0,2200  
0,12     , 0,1972   , 0,1738  
0,13     , 0,2339   , 0,1903  
0,14     , 0,2706   , 0,2331  
0,15     , 0,2294   , 0,1821  
0,16     , 0,2385   , 0,1855  
0,17     , 0,2385   , 0,2068  
0,18     , 0,2431   , 0,2028  
0,19     , 0,2248   , 0,1806  
0,20     , 0,2156   , 0,1696  
0,21     , 0,2156   , 0,1878  
0,22     , 0,2339   , 0,1954  
0,23     , 0,2248   , 0,1775  
0,24     , 0,2431   , 0,2087  
0,25     , 0,1881   , 0,1582  
0,26     , 0,1835   , 0,1530  
0,27     , 0,2569   , 0,2118  
0,28     , 0,2477   , 0,2094  
0,29     , 0,2248   , 0,2029  
0,30     , 0,2339   , 0,1954  
0,31     , 0,2339   , 0,1962  
0,32     , 0,2248   , 0,1895  
0,33     , 0,2294   , 0,2064  
0,34     , 0,2202   , 0,1910  
0,35     , 0,2294   , 0,1967  
0,36     , 0,2661   , 0,2200  
0,37     , 0,2156   , 0,1887  
0,38     , 0,2339   , 0,1950  
0,39     , 0,2752   , 0,2359  
0,40     , 0,2385   , 0,2037  
0,41     , 0,2706   , 0,2326  
0,42     , 0,2844   , 0,2461  
0,43     , 0,2294   , 0,2067  
0,44     , 0,2202   , 0,1835  
0,45     , 0,2385   , 0,2005  
0,46     , 0,2477   , 0,2150  
0,47     , 0,2385   , 0,2070  
0,48     , 0,2615   , 0,2128  
0,49     , 0,2477   , 0,2048  
0,50     , 0,2248   , 0,1775  
0,51     , 0,2615   , 0,2254  
0,52     , 0,2431   , 0,2106  
0,53     , 0,2248   , 0,1935  
0,54     , 0,2339   , 0,2001  
0,55     , 0,2248   , 0,1906  
0,56     , 0,2385   , 0,2073  
0,57     , 0,2477   , 0,2054  
0,58     , 0,2477   , 0,2050  
0,59     , 0,2339   , 0,1926  
0,60     , 0,2431   , 0,2048  
0,61     , 0,2431   , 0,2180  
0,62     , 0,2615   , 0,2215  
0,63     , 0,2248   , 0,1897  
0,64     , 0,2569   , 0,2115  
0,65     , 0,2477   , 0,2195  
0,66     , 0,2385   , 0,2084  
0,67     , 0,2477   , 0,2103  
0,68     , 0,2477   , 0,2028  
0,69     , 0,2294   , 0,1946  
0,70     , 0,2339   , 0,2090  
0,71     , 0,2523   , 0,2100  
0,72     , 0,2431   , 0,2076  
0,73     , 0,2385   , 0,2031  
0,74     , 0,2431   , 0,2130  
0,75     , 0,2339   , 0,2030  
0,76     , 0,2661   , 0,2130  
0,77     , 0,2431   , 0,2040  
0,78     , 0,2477   , 0,2124  
0,79     , 0,2431   , 0,2027  
0,80     , 0,2431   , 0,2116  
0,81     , 0,2615   , 0,2192  
0,82     , 0,2615   , 0,2155  
0,83     , 0,2202   , 0,1926  
0,84     , 0,2569   , 0,2102  
0,85     , 0,2294   , 0,2003  
0,86     , 0,2477   , 0,2084  
0,87     , 0,2294   , 0,2076  
0,88     , 0,2569   , 0,2124  
0,89     , 0,2523   , 0,2124  
0,90     , 0,2431   , 0,2039  
0,91     , 0,2615   , 0,2151  
0,92     , 0,2661   , 0,2136  
0,93     , 0,2569   , 0,2127  
0,94     , 0,2569   , 0,2163  
0,95     , 0,2477   , 0,2125  
0,96     , 0,2477   , 0,2096  
0,97     , 0,2385   , 0,2015  
0,98     , 0,2523   , 0,2118  
0,99     , 0,2523   , 0,2127  
1,00     , 0,2523   , 0,2113  

credit-a-mod

Test na danych treningowych
0,01     , 0,0000   , 0,0000  
0,02     , 0,0000   , 0,0000  
0,03     , 0,0769   , 0,0761  
0,04     , 0,1176   , 0,0747  
0,05     , 0,1429   , 0,0930  
0,06     , 0,0769   , 0,0665  
0,07     , 0,0667   , 0,0684  
0,08     , 0,1176   , 0,0831  
0,09     , 0,1282   , 0,1261  
0,10     , 0,1628   , 0,1327  
0,11     , 0,1489   , 0,1242  
0,12     , 0,1346   , 0,1118  
0,13     , 0,1071   , 0,0865  
0,14     , 0,1000   , 0,0979  
0,15     , 0,1846   , 0,1612  
0,16     , 0,1594   , 0,1266  
0,17     , 0,1918   , 0,1570  
0,18     , 0,1795   , 0,1485  
0,19     , 0,1951   , 0,1658  
0,20     , 0,1609   , 0,1503  
0,21     , 0,2088   , 0,1759  
0,22     , 0,1368   , 0,1187  
0,23     , 0,1600   , 0,1401  
0,24     , 0,2019   , 0,1721  
0,25     , 0,1759   , 0,1544  
0,26     , 0,2566   , 0,2250  
0,27     , 0,2393   , 0,2010  
0,28     , 0,1818   , 0,1519  
0,29     , 0,1984   , 0,1627  
0,30     , 0,1538   , 0,1339  
0,31     , 0,1567   , 0,1352  
0,32     , 0,2158   , 0,1785  
0,33     , 0,1958   , 0,1734  
0,34     , 0,2109   , 0,1731  
0,35     , 0,1711   , 0,1518  
0,36     , 0,1731   , 0,1544  
0,37     , 0,2188   , 0,1902  
0,38     , 0,2242   , 0,1775  
0,39     , 0,1479   , 0,1298  
0,40     , 0,1839   , 0,1629  
0,41     , 0,1966   , 0,1647  
0,42     , 0,1429   , 0,1205  
0,43     , 0,1979   , 0,1663  
0,44     , 0,2042   , 0,1838  
0,45     , 0,2205   , 0,1826  
0,46     , 0,2050   , 0,1799  
0,47     , 0,2402   , 0,2050  
0,48     , 0,1923   , 0,1621  
0,49     , 0,2488   , 0,1984  
0,50     , 0,2258   , 0,1837  
0,51     , 0,1855   , 0,1675  
0,52     , 0,2080   , 0,1833  
0,53     , 0,2043   , 0,1689  
0,54     , 0,2051   , 0,1746  
0,55     , 0,1799   , 0,1505  
0,56     , 0,1934   , 0,1697  
0,57     , 0,2227   , 0,1873  
0,58     , 0,2024   , 0,1681  
0,59     , 0,1992   , 0,1685  
0,60     , 0,1992   , 0,1566  
0,61     , 0,1849   , 0,1495  
0,62     , 0,1636   , 0,1427  
0,63     , 0,2336   , 0,1916  
0,64     , 0,2050   , 0,1782  
0,65     , 0,1915   , 0,1540  
0,66     , 0,1882   , 0,1689  
0,67     , 0,2268   , 0,1796  
0,68     , 0,1966   , 0,1751  
0,69     , 0,2033   , 0,1808  
0,70     , 0,1809   , 0,1575  
0,71     , 0,2078   , 0,1721  
0,72     , 0,2204   , 0,1849  
0,73     , 0,2082   , 0,1782  
0,74     , 0,2056   , 0,1723  
0,75     , 0,2209   , 0,1889  
0,76     , 0,2030   , 0,1744  
0,77     , 0,2275   , 0,1965  
0,78     , 0,1947   , 0,1601  
0,79     , 0,2245   , 0,1875  
0,80     , 0,2184   , 0,1878  
0,81     , 0,2159   , 0,1825  
0,82     , 0,1994   , 0,1650  
0,83     , 0,2078   , 0,1783  
0,84     , 0,2027   , 0,1616  
0,85     , 0,2276   , 0,1833  
0,86     , 0,2219   , 0,1915  
0,87     , 0,2249   , 0,1862  
0,88     , 0,2251   , 0,1919  
0,89     , 0,2171   , 0,1833  
0,90     , 0,2251   , 0,1920  
0,91     , 0,2152   , 0,1873  
0,92     , 0,2250   , 0,1915  
0,93     , 0,2178   , 0,1880  
0,94     , 0,2132   , 0,1826  
0,95     , 0,2252   , 0,1876  
0,96     , 0,2230   , 0,1899  
0,97     , 0,2162   , 0,1844  
0,98     , 0,2207   , 0,1861  
0,99     , 0,2186   , 0,1843  
1,00     , 0,2184   , 0,1843  

credit-a

Test na danych testowych
0,01     , 0,4719   , 0,4267  
0,02     , 0,4719   , 0,4719  
0,03     , 0,2554   , 0,2316  
0,04     , 0,3160   , 0,2556  
0,05     , 0,3203   , 0,2859  
0,06     , 0,2381   , 0,2171  
0,07     , 0,3766   , 0,3119  
0,08     , 0,2597   , 0,2302  
0,09     , 0,2468   , 0,2244  
0,10     , 0,2251   , 0,1990  
0,11     , 0,2468   , 0,2189  
0,12     , 0,2121   , 0,1847  
0,13     , 0,2511   , 0,2340  
0,14     , 0,2338   , 0,2055  
0,15     , 0,2554   , 0,2260  
0,16     , 0,2554   , 0,2188  
0,17     , 0,2424   , 0,2179  
0,18     , 0,2684   , 0,2435  
0,19     , 0,2424   , 0,2192  
0,20     , 0,2165   , 0,1810  
0,21     , 0,2944   , 0,2566  
0,22     , 0,2814   , 0,2442  
0,23     , 0,2294   , 0,2117  
0,24     , 0,2468   , 0,2210  
0,25     , 0,2424   , 0,1971  
0,26     , 0,2078   , 0,1906  
0,27     , 0,2208   , 0,1961  
0,28     , 0,2294   , 0,1935  
0,29     , 0,2294   , 0,1906  
0,30     , 0,2338   , 0,2122  
0,31     , 0,2381   , 0,2181  
0,32     , 0,2381   , 0,2027  
0,33     , 0,2554   , 0,2236  
0,34     , 0,2165   , 0,1830  
0,35     , 0,2684   , 0,2307  
0,36     , 0,2424   , 0,2090  
0,37     , 0,2424   , 0,2231  
0,38     , 0,2511   , 0,2299  
0,39     , 0,2511   , 0,2262  
0,40     , 0,2294   , 0,2070  
0,41     , 0,2424   , 0,2062  
0,42     , 0,2554   , 0,2247  
0,43     , 0,2424   , 0,2105  
0,44     , 0,2424   , 0,2157  
0,45     , 0,2554   , 0,2261  
0,46     , 0,2208   , 0,2001  
0,47     , 0,2641   , 0,2445  
0,48     , 0,2208   , 0,1997  
0,49     , 0,2554   , 0,2231  
0,50     , 0,2381   , 0,1994  
0,51     , 0,2597   , 0,2271  
0,52     , 0,2424   , 0,2207  
0,53     , 0,2814   , 0,2433  
0,54     , 0,2294   , 0,2059  
0,55     , 0,2511   , 0,2006  
0,56     , 0,2381   , 0,2127  
0,57     , 0,2468   , 0,2216  
0,58     , 0,2381   , 0,2066  
0,59     , 0,2554   , 0,2131  
0,60     , 0,2511   , 0,2083  
0,61     , 0,2641   , 0,2227  
0,62     , 0,2641   , 0,2273  
0,63     , 0,2511   , 0,2222  
0,64     , 0,2424   , 0,2083  
0,65     , 0,2554   , 0,2213  
0,66     , 0,2554   , 0,2278  
0,67     , 0,2554   , 0,2339  
0,68     , 0,2511   , 0,2262  
0,69     , 0,2468   , 0,2243  
0,70     , 0,2424   , 0,2223  
0,71     , 0,2641   , 0,2327  
0,72     , 0,2554   , 0,2231  
0,73     , 0,2468   , 0,2180  
0,74     , 0,2381   , 0,1981  
0,75     , 0,2424   , 0,2217  
0,76     , 0,2597   , 0,2301  
0,77     , 0,2641   , 0,2293  
0,78     , 0,2511   , 0,2237  
0,79     , 0,2468   , 0,2185  
0,80     , 0,2338   , 0,2012  
0,81     , 0,2511   , 0,2080  
0,82     , 0,2424   , 0,2161  
0,83     , 0,2597   , 0,2238  
0,84     , 0,2554   , 0,2272  
0,85     , 0,2511   , 0,2082  
0,86     , 0,2468   , 0,2232  
0,87     , 0,2468   , 0,2175  
0,88     , 0,2554   , 0,2245  
0,89     , 0,2468   , 0,2277  
0,90     , 0,2554   , 0,2304  
0,91     , 0,2597   , 0,2296  
0,92     , 0,2468   , 0,2219  
0,93     , 0,2511   , 0,2288  
0,94     , 0,2511   , 0,2252  
0,95     , 0,2554   , 0,2275  
0,96     , 0,2468   , 0,2255  
0,97     , 0,2468   , 0,2232  
0,98     , 0,2468   , 0,2252  
0,99     , 0,2468   , 0,2282  
1,00     , 0,2424   , 0,2244  

credit-a

Test na danych treningowych
0,01     , 0,0000   , 0,0000  
0,02     , 0,0000   , 0,0000  
0,03     , 0,1538   , 0,1051  
0,04     , 0,2222   , 0,1298  
0,05     , 0,0455   , 0,0417  
0,06     , 0,0741   , 0,0720  
0,07     , 0,1250   , 0,1032  
0,08     , 0,1111   , 0,0920  
0,09     , 0,1220   , 0,1195  
0,10     , 0,1111   , 0,1010  
0,11     , 0,1800   , 0,1347  
0,12     , 0,1455   , 0,1259  
0,13     , 0,1695   , 0,1114  
0,14     , 0,1719   , 0,1239  
0,15     , 0,2059   , 0,1798  
0,16     , 0,1781   , 0,1345  
0,17     , 0,1538   , 0,1310  
0,18     , 0,2317   , 0,1795  
0,19     , 0,1379   , 0,1232  
0,20     , 0,1868   , 0,1461  
0,21     , 0,0833   , 0,0843  
0,22     , 0,1200   , 0,1071  
0,23     , 0,1810   , 0,1475  
0,24     , 0,1455   , 0,1303  
0,25     , 0,2281   , 0,1975  
0,26     , 0,1681   , 0,1443  
0,27     , 0,2520   , 0,1936  
0,28     , 0,1563   , 0,1251  
0,29     , 0,1278   , 0,1147  
0,30     , 0,2117   , 0,1845  
0,31     , 0,2042   , 0,1630  
0,32     , 0,2192   , 0,1900  
0,33     , 0,1656   , 0,1380  
0,34     , 0,1859   , 0,1486  
0,35     , 0,1625   , 0,1447  
0,36     , 0,2121   , 0,1897  
0,37     , 0,1953   , 0,1657  
0,38     , 0,1724   , 0,1532  
0,39     , 0,1620   , 0,1384  
0,40     , 0,2568   , 0,2247  
0,41     , 0,2074   , 0,1808  
0,42     , 0,1927   , 0,1549  
0,43     , 0,2284   , 0,1906  
0,44     , 0,2338   , 0,1961  
0,45     , 0,1553   , 0,1412  
0,46     , 0,1896   , 0,1531  
0,47     , 0,1907   , 0,1583  
0,48     , 0,2182   , 0,1892  
0,49     , 0,1875   , 0,1562  
0,50     , 0,2402   , 0,1973  
0,51     , 0,2265   , 0,1779  
0,52     , 0,1597   , 0,1487  
0,53     , 0,1687   , 0,1512  
0,54     , 0,2186   , 0,1867  
0,55     , 0,2103   , 0,1681  
0,56     , 0,2101   , 0,1856  
0,57     , 0,1801   , 0,1515  
0,58     , 0,2143   , 0,1817  
0,59     , 0,2185   , 0,1769  
0,60     , 0,2473   , 0,2066  
0,61     , 0,2294   , 0,1975  
0,62     , 0,2042   , 0,1762  
0,63     , 0,1938   , 0,1676  
0,64     , 0,2218   , 0,1911  
0,65     , 0,2081   , 0,1819  
0,66     , 0,2152   , 0,1925  
0,67     , 0,2020   , 0,1821  
0,68     , 0,2276   , 0,1958  
0,69     , 0,2089   , 0,1812  
0,70     , 0,2087   , 0,1849  
0,71     , 0,2154   , 0,1900  
0,72     , 0,1939   , 0,1591  
0,73     , 0,2060   , 0,1800  
0,74     , 0,1858   , 0,1658  
0,75     , 0,2035   , 0,1828  
0,76     , 0,2213   , 0,1876  
0,77     , 0,1926   , 0,1651  
0,78     , 0,1983   , 0,1705  
0,79     , 0,2044   , 0,1797  
0,80     , 0,2016   , 0,1821  
0,81     , 0,2102   , 0,1725  
0,82     , 0,2048   , 0,1768  
0,83     , 0,2079   , 0,1757  
0,84     , 0,2000   , 0,1702  
0,85     , 0,1795   , 0,1527  
0,86     , 0,2081   , 0,1796  
0,87     , 0,2130   , 0,1848  
0,88     , 0,1886   , 0,1632  
0,89     , 0,1912   , 0,1609  
0,90     , 0,1961   , 0,1694  
0,91     , 0,1966   , 0,1738  
0,92     , 0,2014   , 0,1758  
0,93     , 0,2042   , 0,1790  
0,94     , 0,1949   , 0,1730  
0,95     , 0,2041   , 0,1771  
0,96     , 0,2045   , 0,1793  
0,97     , 0,2022   , 0,1756  
0,98     , 0,2071   , 0,1786  
0,99     , 0,2048   , 0,1761  
1,00     , 0,2048   , 0,1778  

spambase

Test na danych testowych
0,01     , 0,1751   , 0,1730  
0,02     , 0,1642   , 0,1587  
0,03     , 0,1751   , 0,1529  
0,04     , 0,1398   , 0,1328  
0,05     , 0,1918   , 0,1898  
0,06     , 0,2360   , 0,2311  
0,07     , 0,1899   , 0,1840  
0,08     , 0,1956   , 0,1945  
0,09     , 0,1751   , 0,1697  
0,10     , 0,1790   , 0,1776  
0,11     , 0,2001   , 0,1988  
0,12     , 0,2072   , 0,2031  
0,13     , 0,1777   , 0,1760  
0,14     , 0,1879   , 0,1855  
0,15     , 0,2174   , 0,2135  
0,16     , 0,1918   , 0,1877  
0,17     , 0,1783   , 0,1768  
0,18     , 0,1841   , 0,1823  
0,19     , 0,1822   , 0,1792  
0,20     , 0,1892   , 0,1875  
0,21     , 0,1982   , 0,1946  
0,22     , 0,2149   , 0,2125  
0,23     , 0,1841   , 0,1817  
0,24     , 0,2021   , 0,2004  
0,25     , 0,1944   , 0,1940  
0,26     , 0,2021   , 0,1998  
0,27     , 0,1924   , 0,1918  
0,28     , 0,2065   , 0,2045  
0,29     , 0,2040   , 0,2007  
0,30     , 0,1835   , 0,1819  
0,31     , 0,1944   , 0,1933  
0,32     , 0,2027   , 0,2000  
0,33     , 0,1969   , 0,1957  
0,34     , 0,1995   , 0,1964  
0,35     , 0,1944   , 0,1927  
0,36     , 0,1976   , 0,1959  
0,37     , 0,2008   , 0,2002  
0,38     , 0,1886   , 0,1878  
0,39     , 0,1905   , 0,1886  
0,40     , 0,1841   , 0,1826  
0,41     , 0,2155   , 0,2120  
0,42     , 0,2117   , 0,2080  
0,43     , 0,2021   , 0,2006  
0,44     , 0,2078   , 0,2058  
0,45     , 0,1944   , 0,1929  
0,46     , 0,2033   , 0,2037  
0,47     , 0,1988   , 0,1976  
0,48     , 0,2001   , 0,1989  
0,49     , 0,2001   , 0,1977  
0,50     , 0,1937   , 0,1927  
0,51     , 0,1911   , 0,1894  
0,52     , 0,1886   , 0,1872  
0,53     , 0,1950   , 0,1934  
0,54     , 0,2053   , 0,2041  
0,55     , 0,1937   , 0,1917  
0,56     , 0,1892   , 0,1889  
0,57     , 0,1956   , 0,1934  
0,58     , 0,2008   , 0,2002  
0,59     , 0,1982   , 0,1970  
0,60     , 0,2001   , 0,1993  
0,61     , 0,1937   , 0,1930  
0,62     , 0,1988   , 0,1960  
0,63     , 0,1976   , 0,1971  
0,64     , 0,1982   , 0,1961  
0,65     , 0,2027   , 0,2013  
0,66     , 0,2040   , 0,2024  
0,67     , 0,1956   , 0,1941  
0,68     , 0,2040   , 0,2021  
0,69     , 0,2072   , 0,2046  
0,70     , 0,1976   , 0,1956  
0,71     , 0,2046   , 0,2017  
0,72     , 0,1956   , 0,1940  
0,73     , 0,1982   , 0,1959  
0,74     , 0,1860   , 0,1846  
0,75     , 0,1995   , 0,1982  
0,76     , 0,1950   , 0,1939  
0,77     , 0,1956   , 0,1943  
0,78     , 0,2001   , 0,1979  
0,79     , 0,2104   , 0,2097  
0,80     , 0,2065   , 0,2045  
0,81     , 0,1956   , 0,1952  
0,82     , 0,1969   , 0,1954  
0,83     , 0,1924   , 0,1915  
0,84     , 0,1995   , 0,1974  
0,85     , 0,1988   , 0,1980  
0,86     , 0,2033   , 0,2012  
0,87     , 0,1963   , 0,1939  
0,88     , 0,1918   , 0,1905  
0,89     , 0,1924   , 0,1916  
0,90     , 0,1956   , 0,1941  
0,91     , 0,1982   , 0,1956  
0,92     , 0,2001   , 0,1988  
0,93     , 0,2033   , 0,2017  
0,94     , 0,1963   , 0,1950  
0,95     , 0,2027   , 0,2001  
0,96     , 0,1976   , 0,1948  
0,97     , 0,1995   , 0,1975  
0,98     , 0,1988   , 0,1970  
0,99     , 0,1976   , 0,1954  
1,00     , 0,1969   , 0,1948  

spambase

Test na danych treningowych
0,01     , 0,0333   , 0,0272  
0,02     , 0,0500   , 0,0502  
0,03     , 0,0769   , 0,0700  
0,04     , 0,1322   , 0,1102  
0,05     , 0,0993   , 0,0861  
0,06     , 0,1484   , 0,1482  
0,07     , 0,1462   , 0,1471  
0,08     , 0,1694   , 0,1665  
0,09     , 0,1648   , 0,1636  
0,10     , 0,2046   , 0,2005  
0,11     , 0,1832   , 0,1807  
0,12     , 0,1593   , 0,1580  
0,13     , 0,2005   , 0,1969  
0,14     , 0,1882   , 0,1864  
0,15     , 0,1846   , 0,1822  
0,16     , 0,1526   , 0,1514  
0,17     , 0,2093   , 0,2067  
0,18     , 0,1520   , 0,1508  
0,19     , 0,1997   , 0,1933  
0,20     , 0,2026   , 0,1985  
0,21     , 0,1837   , 0,1838  
0,22     , 0,1949   , 0,1942  
0,23     , 0,1920   , 0,1898  
0,24     , 0,1772   , 0,1764  
0,25     , 0,1726   , 0,1718  
0,26     , 0,1825   , 0,1776  
0,27     , 0,1795   , 0,1773  
0,28     , 0,1894   , 0,1883  
0,29     , 0,1909   , 0,1897  
0,30     , 0,2044   , 0,2022  
0,31     , 0,2051   , 0,2041  
0,32     , 0,1740   , 0,1731  
0,33     , 0,1938   , 0,1914  
0,34     , 0,1870   , 0,1854  
0,35     , 0,2062   , 0,2041  
0,36     , 0,1905   , 0,1876  
0,37     , 0,2012   , 0,1992  
0,38     , 0,2029   , 0,2021  
0,39     , 0,1883   , 0,1873  
0,40     , 0,2026   , 0,2004  
0,41     , 0,1857   , 0,1845  
0,42     , 0,1733   , 0,1720  
0,43     , 0,1778   , 0,1778  
0,44     , 0,1865   , 0,1853  
0,45     , 0,2028   , 0,2003  
0,46     , 0,1927   , 0,1912  
0,47     , 0,1928   , 0,1911  
0,48     , 0,1853   , 0,1839  
0,49     , 0,1796   , 0,1776  
0,50     , 0,1818   , 0,1809  
0,51     , 0,2067   , 0,2052  
0,52     , 0,1958   , 0,1945  
0,53     , 0,2107   , 0,2082  
0,54     , 0,2044   , 0,2024  
0,55     , 0,1935   , 0,1925  
0,56     , 0,1953   , 0,1940  
0,57     , 0,1925   , 0,1907  
0,58     , 0,1903   , 0,1886  
0,59     , 0,2032   , 0,2011  
0,60     , 0,1960   , 0,1947  
0,61     , 0,2080   , 0,2062  
0,62     , 0,1902   , 0,1889  
0,63     , 0,2045   , 0,2034  
0,64     , 0,1904   , 0,1897  
0,65     , 0,1825   , 0,1814  
0,66     , 0,2012   , 0,1993  
0,67     , 0,1908   , 0,1899  
0,68     , 0,1938   , 0,1910  
0,69     , 0,1920   , 0,1899  
0,70     , 0,1920   , 0,1901  
0,71     , 0,1954   , 0,1945  
0,72     , 0,2059   , 0,2048  
0,73     , 0,1864   , 0,1860  
0,74     , 0,1834   , 0,1819  
0,75     , 0,1902   , 0,1889  
0,76     , 0,2063   , 0,2047  
0,77     , 0,1849   , 0,1849  
0,78     , 0,1905   , 0,1889  
0,79     , 0,1893   , 0,1891  
0,80     , 0,1825   , 0,1817  
0,81     , 0,1989   , 0,1971  
0,82     , 0,1928   , 0,1913  
0,83     , 0,1969   , 0,1963  
0,84     , 0,1918   , 0,1904  
0,85     , 0,1888   , 0,1886  
0,86     , 0,1877   , 0,1873  
0,87     , 0,1935   , 0,1913  
0,88     , 0,1891   , 0,1877  
0,89     , 0,1858   , 0,1851  
0,90     , 0,1881   , 0,1878  
0,91     , 0,1901   , 0,1884  
0,92     , 0,1894   , 0,1868  
0,93     , 0,1959   , 0,1954  
0,94     , 0,1907   , 0,1882  
0,95     , 0,1914   , 0,1905  
0,96     , 0,1942   , 0,1927  
0,97     , 0,1909   , 0,1899  
0,98     , 0,1923   , 0,1911  
0,99     , 0,1907   , 0,1885  
1,00     , 0,1910   , 0,1888  

badges2

Test na danych testowych
0,01     , 0,5051   , 0,4987  
0,02     , 0,3232   , 0,3114  
0,03     , 0,4545   , 0,4529  
0,04     , 0,2929   , 0,2929  
0,05     , 0,4040   , 0,3640  
0,06     , 0,2323   , 0,1814  
0,07     , 0,2929   , 0,2431  
0,08     , 0,1717   , 0,1444  
0,09     , 0,2222   , 0,2069  
0,10     , 0,2424   , 0,2105  
0,11     , 0,0909   , 0,0551  
0,12     , 0,1919   , 0,1783  
0,13     , 0,1010   , 0,0927  
0,14     , 0,1313   , 0,1399  
0,15     , 0,1313   , 0,1190  
0,16     , 0,0202   , 0,0233  
0,17     , 0,2323   , 0,1425  
0,18     , 0,0404   , 0,0317  
0,19     , 0,0505   , 0,0475  
0,20     , 0,2020   , 0,1477  
0,21     , 0,1010   , 0,1011  
0,22     , 0,0606   , 0,0580  
0,23     , 0,0202   , 0,0247  
0,24     , 0,0000   , 0,0029  
0,25     , 0,1111   , 0,0783  
0,26     , 0,0101   , 0,0097  
0,27     , 0,0707   , 0,0638  
0,28     , 0,0404   , 0,0318  
0,29     , 0,0505   , 0,0414  
0,30     , 0,0303   , 0,0156  
0,31     , 0,0404   , 0,0208  
0,32     , 0,0303   , 0,0171  
0,33     , 0,0101   , 0,0084  
0,34     , 0,0101   , 0,0089  
0,35     , 0,0303   , 0,0270  
0,36     , 0,0000   , 0,0013  
0,37     , 0,0303   , 0,0316  
0,38     , 0,0404   , 0,0262  
0,39     , 0,0000   , 0,0016  
0,40     , 0,0101   , 0,0056  
0,41     , 0,0000   , 0,0017  
0,42     , 0,0000   , 0,0086  
0,43     , 0,0303   , 0,0255  
0,44     , 0,0000   , 0,0059  
0,45     , 0,0000   , 0,0074  
0,46     , 0,0202   , 0,0198  
0,47     , 0,0000   , 0,0034  
0,48     , 0,0000   , 0,0045  
0,49     , 0,0000   , 0,0074  
0,50     , 0,0000   , 0,0036  
0,51     , 0,0000   , 0,0016  
0,52     , 0,0303   , 0,0187  
0,53     , 0,0101   , 0,0093  
0,54     , 0,0101   , 0,0088  
0,55     , 0,0202   , 0,0127  
0,56     , 0,0101   , 0,0118  
0,57     , 0,0101   , 0,0060  
0,58     , 0,0000   , 0,0038  
0,59     , 0,0101   , 0,0120  
0,60     , 0,0000   , 0,0024  
0,61     , 0,0202   , 0,0115  
0,62     , 0,0101   , 0,0070  
0,63     , 0,0101   , 0,0081  
0,64     , 0,0000   , 0,0033  
0,65     , 0,0101   , 0,0048  
0,66     , 0,0000   , 0,0007  
0,67     , 0,0000   , 0,0034  
0,68     , 0,0000   , 0,0015  
0,69     , 0,0101   , 0,0066  
0,70     , 0,0000   , 0,0024  
0,71     , 0,0000   , 0,0014  
0,72     , 0,0000   , 0,0024  
0,73     , 0,0101   , 0,0064  
0,74     , 0,0000   , 0,0022  
0,75     , 0,0000   , 0,0034  
0,76     , 0,0000   , 0,0020  
0,77     , 0,0000   , 0,0021  
0,78     , 0,0000   , 0,0010  
0,79     , 0,0000   , 0,0006  
0,80     , 0,0000   , 0,0031  
0,81     , 0,0000   , 0,0008  
0,82     , 0,0000   , 0,0007  
0,83     , 0,0000   , 0,0009  
0,84     , 0,0000   , 0,0024  
0,85     , 0,0000   , 0,0006  
0,86     , 0,0000   , 0,0006  
0,87     , 0,0000   , 0,0008  
0,88     , 0,0000   , 0,0010  
0,89     , 0,0000   , 0,0011  
0,90     , 0,0000   , 0,0020  
0,91     , 0,0000   , 0,0006  
0,92     , 0,0000   , 0,0010  
0,93     , 0,0000   , 0,0013  
0,94     , 0,0000   , 0,0010  
0,95     , 0,0000   , 0,0013  
0,96     , 0,0000   , 0,0009  
0,97     , 0,0000   , 0,0013  
0,98     , 0,0000   , 0,0011  
0,99     , 0,0000   , 0,0009  
1,00     , 0,0000   , 0,0010  

badges2

Test na danych treningowych
0,01     , 0,0000   , 0,0000  
0,02     , 0,0000   , 0,0000  
0,03     , 0,2000   , 0,1959  
0,04     , 0,1429   , 0,1304  
0,05     , 0,0000   , 0,0001  
0,06     , 0,0000   , 0,0000  
0,07     , 0,0000   , 0,0183  
0,08     , 0,0000   , 0,0053  
0,09     , 0,1176   , 0,0978  
0,10     , 0,0000   , 0,0108  
0,11     , 0,0476   , 0,0185  
0,12     , 0,0435   , 0,0433  
0,13     , 0,0400   , 0,0150  
0,14     , 0,0370   , 0,0374  
0,15     , 0,0000   , 0,0057  
0,16     , 0,0000   , 0,0042  
0,17     , 0,0000   , 0,0030  
0,18     , 0,0000   , 0,0097  
0,19     , 0,0000   , 0,0072  
0,20     , 0,0000   , 0,0069  
0,21     , 0,0250   , 0,0215  
0,22     , 0,0000   , 0,0037  
0,23     , 0,0000   , 0,0038  
0,24     , 0,0000   , 0,0054  
0,25     , 0,0208   , 0,0108  
0,26     , 0,0200   , 0,0270  
0,27     , 0,0385   , 0,0299  
0,28     , 0,0000   , 0,0073  
0,29     , 0,0000   , 0,0023  
0,30     , 0,0000   , 0,0049  
0,31     , 0,0000   , 0,0028  
0,32     , 0,0000   , 0,0046  
0,33     , 0,1250   , 0,0487  
0,34     , 0,0000   , 0,0089  
0,35     , 0,0000   , 0,0025  
0,36     , 0,0000   , 0,0044  
0,37     , 0,0139   , 0,0085  
0,38     , 0,0135   , 0,0125  
0,39     , 0,0000   , 0,0037  
0,40     , 0,0000   , 0,0017  
0,41     , 0,0000   , 0,0012  
0,42     , 0,0247   , 0,0220  
0,43     , 0,0000   , 0,0068  
0,44     , 0,0118   , 0,0112  
0,45     , 0,0115   , 0,0095  
0,46     , 0,0000   , 0,0022  
0,47     , 0,0220   , 0,0170  
0,48     , 0,0000   , 0,0027  
0,49     , 0,0000   , 0,0014  
0,50     , 0,0000   , 0,0014  
0,51     , 0,0101   , 0,0119  
0,52     , 0,0099   , 0,0120  
0,53     , 0,0097   , 0,0095  
0,54     , 0,0000   , 0,0006  
0,55     , 0,0093   , 0,0089  
0,56     , 0,0000   , 0,0006  
0,57     , 0,0000   , 0,0018  
0,58     , 0,0000   , 0,0007  
0,59     , 0,0000   , 0,0034  
0,60     , 0,0000   , 0,0008  
0,61     , 0,0000   , 0,0016  
0,62     , 0,0083   , 0,0057  
0,63     , 0,0000   , 0,0010  
0,64     , 0,0081   , 0,0029  
0,65     , 0,0000   , 0,0011  
0,66     , 0,0000   , 0,0008  
0,67     , 0,0000   , 0,0005  
0,68     , 0,0000   , 0,0005  
0,69     , 0,0000   , 0,0013  
0,70     , 0,0074   , 0,0050  
0,71     , 0,0072   , 0,0037  
0,72     , 0,0000   , 0,0004  
0,73     , 0,0070   , 0,0045  
0,74     , 0,0000   , 0,0004  
0,75     , 0,0000   , 0,0006  
0,76     , 0,0068   , 0,0047  
0,77     , 0,0000   , 0,0004  
0,78     , 0,0000   , 0,0014  
0,79     , 0,0000   , 0,0018  
0,80     , 0,0000   , 0,0013  
0,81     , 0,0000   , 0,0005  
0,82     , 0,0063   , 0,0038  
0,83     , 0,0000   , 0,0008  
0,84     , 0,0000   , 0,0017  
0,85     , 0,0000   , 0,0006  
0,86     , 0,0000   , 0,0004  
0,87     , 0,0059   , 0,0060  
0,88     , 0,0000   , 0,0006  
0,89     , 0,0000   , 0,0003  
0,90     , 0,0057   , 0,0042  
0,91     , 0,0000   , 0,0016  
0,92     , 0,0000   , 0,0011  
0,93     , 0,0000   , 0,0009  
0,94     , 0,0000   , 0,0009  
0,95     , 0,0054   , 0,0019  
0,96     , 0,0000   , 0,0008  
0,97     , 0,0053   , 0,0022  
0,98     , 0,0000   , 0,0006  
0,99     , 0,0000   , 0,0015  
1,00     , 0,0000   , 0,0014  
